"Group.1" "tBodyAcc-mean()-X" "tBodyAcc-mean()-Y" "tBodyAcc-mean()-Z" "tBodyAcc-std()-X" "tBodyAcc-std()-Y" "tBodyAcc-std()-Z" "tBodyGyro-mean()-X" "tBodyGyro-mean()-Y" "tBodyGyro-mean()-Z" "tBodyGyro-std()-X" "tBodyGyro-std()-Y" "tBodyGyro-std()-Z" "fBodyAcc-mean()-X" "fBodyAcc-mean()-Y" "fBodyAcc-mean()-Z" "fBodyAcc-std()-X" "fBodyAcc-std()-Y" "fBodyAcc-std()-Z" "fBodyGyro-mean()-X" "fBodyGyro-mean()-Y" "fBodyGyro-mean()-Z" "fBodyGyro-std()-X" "fBodyGyro-std()-Y" "fBodyGyro-std()-Z"
1 0.265696920582133 -0.0182981725176081 -0.10784573454611 -0.545795331328326 -0.367716218227378 -0.502645746562824 -0.0208764064320173 -0.0880722729400576 0.0862641666597983 -0.686555715201729 -0.450979810499568 -0.597496136795101 -0.531895161258213 -0.406435448904438 -0.596411165253602 -0.553060616663401 -0.390150939647061 -0.498583091676081 -0.623219182311527 -0.505309434070029 -0.553529065425648 -0.708263420861671 -0.429825832648703 -0.650476162132565
2 0.273113115788079 -0.0191323183174834 -0.115649958175497 -0.605586497159271 -0.428962986589404 -0.589360062210596 -0.0517030657821192 -0.0568420186817881 0.0872599422291391 -0.710648927815894 -0.722943674337748 -0.634888927843046 -0.57377091142947 -0.432566581302351 -0.630081222124834 -0.619788102803311 -0.464723862913245 -0.600678614835099 -0.638717694593046 -0.722068978635762 -0.601594889654305 -0.734588540182119 -0.72716774102649 -0.683114494539735
3 0.273428719636364 -0.017856067384956 -0.106492632429097 -0.623413602046921 -0.480015920697654 -0.653625579293255 -0.0248490682828446 -0.0743565308442815 0.0866875497119062 -0.699262195705865 -0.76302218170088 -0.709483440322581 -0.625733289873607 -0.501779938505279 -0.699656828592375 -0.623805015199413 -0.502753639795894 -0.657443765803519 -0.642097719778592 -0.775144985073314 -0.670734708996481 -0.719276622702346 -0.758505287214076 -0.751008875659824
4 0.274183111498423 -0.0148081545344921 -0.107521430810726 -0.605211727785489 -0.509929384011325 -0.709492735962145 -0.0289417906907571 -0.0787229907785489 0.0957174866009464 -0.701397703369085 -0.79823574873817 -0.726374197066246 -0.628806379100946 -0.52583456615142 -0.755235428895899 -0.597551324155678 -0.534661524341987 -0.708764043722397 -0.641881977553943 -0.831527531009464 -0.689308946422713 -0.721749187328076 -0.782885735867508 -0.7670895729653
5 0.279177960301325 -0.0154833455336192 -0.105661736816887 -0.507691011391722 -0.402724906078146 -0.646443640175497 -0.0294516873643046 -0.0774316445596026 0.0866267116745033 -0.709955676983444 -0.705638306688742 -0.606589817380795 -0.55123770513245 -0.440232431795033 -0.696171811490066 -0.492829885748675 -0.422162171100331 -0.649351210748344 -0.632239300829801 -0.71706218781457 -0.537329127293278 -0.73573857718543 -0.702290390960265 -0.669353687483444
6 0.272376614181538 -0.0175697042641846 -0.11599454136 -0.505086085072062 -0.368403670137262 -0.672512004586708 -0.0433611785374462 -0.0706129097498462 0.0973130293888923 -0.653800660041538 -0.626252072652308 -0.599910232855692 -0.506174926221538 -0.392041410138769 -0.683725945015385 -0.506680276530492 -0.396677793847908 -0.694365207233846 -0.537201442069846 -0.621188724858462 -0.507604207506462 -0.692862440004 -0.633236229753846 -0.67302031484
7 0.270211697814935 -0.0187904887668182 -0.112492375388312 -0.577518324748052 -0.546403365345779 -0.456473642256981 -0.0518716929407792 -0.0646077113078896 0.0977671721406169 -0.687155474097403 -0.652408657909091 -0.663340760331169 -0.593011288564935 -0.563547785174026 -0.531005941495552 -0.572347541484091 -0.567046977262987 -0.460792123277305 -0.643767578493507 -0.630419275006169 -0.655083354905844 -0.703883646896104 -0.671161922837662 -0.698949518905844
8 0.270759063295374 -0.0181894974688612 -0.106809623683986 -0.582958863017438 -0.349383732046263 -0.499472687913167 0.00359053897160142 -0.091077509832669 0.0640867611561922 -0.656219242281851 -0.570941237019217 -0.511392038012811 -0.581831414648399 -0.374944236206406 -0.550979388719929 -0.585343460535587 -0.378656458967972 -0.513206312959075 -0.601382421248399 -0.575938482711388 -0.525562919047438 -0.675275353078292 -0.573087292172598 -0.553968587869751
9 0.270313841621528 -0.0209466555412396 -0.101233826213889 -0.555656544538194 -0.5758878952125 -0.506111776081806 -0.0701318154561458 -0.0729884312991667 0.109092913237986 -0.676452392569444 -0.670498220701389 -0.587557692291458 -0.579258404408681 -0.610267804090278 -0.592119122804271 -0.547995744907986 -0.586766083232639 -0.501074006965903 -0.639863219559028 -0.683924287600694 -0.612680463163889 -0.690689895534722 -0.667203220760417 -0.619468634127778
10 0.27684847392517 -0.017835790552415 -0.111301532185714 -0.537807711163265 -0.497405885644898 -0.614776952226361 -0.0185023695936054 -0.0846403674590918 0.0910265011879252 -0.67390558227449 -0.591333155194558 -0.598142328621088 -0.532289464513605 -0.494651474235034 -0.655062273211565 -0.541170169070068 -0.532135172812313 -0.625871772082993 -0.620379208870442 -0.64835059542517 -0.567456661721769 -0.692654261914966 -0.565943677806122 -0.645947720476871
11 0.27658531139557 -0.0191272531933228 -0.108941761642405 -0.58947649779557 -0.490379346996835 -0.665324314227848 -0.0547328440272468 -0.0582275770813291 0.087284109682356 -0.739922126628797 -0.703501766487342 -0.725016008797468 -0.619524028324684 -0.531455265662532 -0.750026145791139 -0.579491754749367 -0.502570240243354 -0.652095671108544 -0.709949332117089 -0.776852868955696 -0.708842979272152 -0.751758277167721 -0.670892713066772 -0.75596062835443
12 0.27360872421875 -0.018337204411489 -0.106649116775 -0.583962207065 -0.522040023435 -0.699293531365625 -0.0628663472537188 -0.0592027333975 0.0960742146838125 -0.727881704983125 -0.73506282621875 -0.671057678528125 -0.578920210879375 -0.523287078731563 -0.7266403145 -0.586922577889687 -0.553076639139062 -0.709983235125 -0.661246826087188 -0.74479814778125 -0.657369914584375 -0.750393858303125 -0.7334567315 -0.70823315425
13 0.275895876198777 -0.0176504796070948 -0.109135285550765 -0.624844460199083 -0.448816097853364 -0.587230562129052 -0.0562470618980061 -0.0616613787494801 0.098866059686422 -0.715109859672783 -0.645728612088685 -0.643337285033639 -0.638817912651682 -0.493467193137125 -0.629736258731804 -0.620602036452599 -0.462584458627829 -0.599036895271407 -0.65864242140581 -0.647152817899388 -0.620471226529052 -0.734657989051988 -0.650623558847401 -0.685774481529052
14 0.270184596009288 -0.0162548178510526 -0.100985935692074 -0.611671118216099 -0.374730765205077 -0.29354271467452 0.000253671358297214 -0.0954921154823529 0.0606712446996904 -0.728661379340557 -0.398959362766099 -0.364478192502167 -0.619513271851703 -0.455237617000929 -0.440650672343653 -0.609406374110062 -0.376829989404644 -0.275013722171486 -0.699166400749226 -0.50463317018839 -0.42391821438452 -0.740052209854489 -0.348864187370186 -0.407672097170898
15 0.27821340725 -0.016464484771311 -0.112563587594512 -0.556541173089329 -0.481679537956006 -0.705706623868902 -0.0281278780610671 -0.075878845519878 0.0906658516 -0.696859473045732 -0.708779069191463 -0.721826987530488 -0.583772317445122 -0.507735205778384 -0.741745724698171 -0.547150855443902 -0.501568435233384 -0.711431340356707 -0.664354428856402 -0.760711411006098 -0.711194539920732 -0.709336168176829 -0.684504735744512 -0.751696527195122
16 0.277887440374317 -0.0158567888309016 -0.107263924445355 -0.668161498298634 -0.649947067892896 -0.603819902386066 -0.0122341446725137 -0.0724444803980874 0.0730144651530055 -0.799534450491803 -0.810124133715847 -0.737629967961749 -0.700885147341803 -0.671572147098798 -0.660989948160437 -0.656969045058415 -0.661844530506831 -0.605646725307104 -0.789780147036612 -0.815962130027322 -0.756286641721311 -0.804991831502732 -0.809421448142077 -0.756993640724044
17 0.274029548065217 -0.0175416045074728 -0.109199853130082 -0.608455243870734 -0.567005319464348 -0.660582755619022 -0.0146686177049565 -0.082710926198038 0.077025064375462 -0.759011119945652 -0.764867040625 -0.720741038680163 -0.651780423718288 -0.601741376260245 -0.718947424896739 -0.59351017342337 -0.576930056063587 -0.656622932009511 -0.728710411180707 -0.774745258994565 -0.726857840652174 -0.770057225710326 -0.761335243695652 -0.745101477910326
18 0.276324152142857 -0.0172831546595266 -0.108112251068681 -0.694616884972527 -0.627117507326923 -0.701596039615385 -0.0373993798891484 -0.0678200104982143 0.0908402866868132 -0.804533729046703 -0.777361713653846 -0.745612483131868 -0.714227764615385 -0.663659666593407 -0.761229192087912 -0.687850549203297 -0.632838238002747 -0.694874090513736 -0.787757637521978 -0.816385880247253 -0.755926770686813 -0.812175241332418 -0.759665554340659 -0.766381665384615
19 0.269723487105556 -0.0182031515710306 -0.118277180099383 -0.574658922919194 -0.507035084992639 -0.649184726556944 -0.0385723953346511 -0.0681420603177778 0.0883609591559167 -0.637789914575556 -0.643866300560306 -0.645682212189167 -0.587050355097528 -0.521888076609778 -0.647026298284028 -0.5708979748225 -0.530901585022361 -0.680291382637222 -0.553089575942778 -0.641337299817778 -0.602625307818389 -0.666071315599889 -0.650105402347778 -0.694729075491667
20 0.268425757926554 -0.0175912993773164 -0.108029145824294 -0.60484669490339 -0.369336706508757 -0.634787346548023 -0.0242488811785028 -0.0789448418069209 0.0856280628860452 -0.684586332415254 -0.573677383024548 -0.52727797039661 -0.612641113666949 -0.426398722000395 -0.665006945724294 -0.60314894923565 -0.381534028764124 -0.647515612457627 -0.626445370827119 -0.591039733449633 -0.518444509491525 -0.704481841200565 -0.567588605842655 -0.575002191142655
21 0.277466525522059 -0.0176664578561765 -0.10877848058848 -0.672323867377451 -0.565585190336299 -0.669621813176471 -0.0276346639303578 -0.0784719736838971 0.0861212668362745 -0.79617228689951 -0.765057760637255 -0.701642028499559 -0.693486097144118 -0.59377821414902 -0.707713799021814 -0.665349663426471 -0.578748586831863 -0.675588192778676 -0.752040828651961 -0.759325714811275 -0.709471420465686 -0.811026710110294 -0.771388318823529 -0.728319304730637
22 0.274767690046106 -0.0168273604077383 -0.108670376782866 -0.546089975548692 -0.491188426241526 -0.65508967878972 -0.00800630644716511 -0.0949661116922118 0.0812406584647975 -0.695919202960436 -0.784052281090343 -0.654458016208723 -0.594929652065732 -0.508172778206231 -0.687320961149533 -0.528958812567601 -0.51558097336324 -0.665516999699377 -0.639575654479751 -0.79139974588785 -0.643363339819315 -0.714977903442368 -0.782046079563863 -0.690679448900312
23 0.273493254730108 -0.019589258786828 -0.109093982385242 -0.622594039757258 -0.532078546615699 -0.450557203409946 -0.0220890418013172 -0.0825972963754032 0.074694942324328 -0.755738625241935 -0.500338191139785 -0.609683451821774 -0.599080886430645 -0.548483208943548 -0.49021281618414 -0.633839114436559 -0.554471679592177 -0.474767543716048 -0.685136501518817 -0.497783811010484 -0.617685416736559 -0.779197054064516 -0.50785054741371 -0.644131036807258
24 0.276767046391076 -0.0176822460103885 -0.107914503687664 -0.675459176298425 -0.582490655185302 -0.636497458900262 -0.0212578096847769 -0.0782440202677165 0.0841740375981627 -0.776199049939633 -0.763365457296588 -0.708251676335958 -0.707613779580052 -0.611509042586877 -0.65585899482231 -0.664356691751496 -0.594676790059055 -0.655360521446194 -0.722607377748032 -0.753710479580053 -0.70948857687664 -0.794063529133858 -0.771969808976378 -0.735749934304462
25 0.275301467772127 -0.0193221769314914 -0.10962903098044 -0.716264537547677 -0.531421035602689 -0.64709556105868 -0.00298151164792176 -0.083900354157824 0.0993606079900489 -0.683131970775061 -0.752261013276284 -0.74741022 -0.748416509682152 -0.600027697242054 -0.738509947579462 -0.705223686579951 -0.529064652290954 -0.630224637674572 -0.672197763601467 -0.81313379207824 -0.746832213594132 -0.690398481943765 -0.723584437530562 -0.771208929095355
26 0.2730365808625 -0.0161687277463495 -0.107637894928571 -0.623101031168367 -0.585967142418112 -0.70498062744898 -0.020659932105102 -0.0827415060904082 0.0917853294044643 -0.766673970339286 -0.800675471045918 -0.703347205619898 -0.65109030186199 -0.610425833240306 -0.724046087155612 -0.61349959767602 -0.600274809826275 -0.718490475765306 -0.703109561068878 -0.799353075357143 -0.689404846813776 -0.78740310059949 -0.803635337372449 -0.735942384438775
27 0.277264567074468 -0.0167969215592152 -0.110848300413564 -0.660976085218085 -0.630460488658511 -0.68321532587766 -0.0608887602789628 -0.0552177945716489 0.108947089653191 -0.795853557018617 -0.802048718989362 -0.674128512103723 -0.681454795855319 -0.641267840429521 -0.715482857547872 -0.654659392263298 -0.649506674776596 -0.692130765962766 -0.768505711292553 -0.795433953608777 -0.702788513114362 -0.806288410297872 -0.808791849202128 -0.697147299066489
28 0.277532554764398 -0.0191721442063089 -0.109710873104188 -0.649040391307853 -0.573651895933508 -0.685821415026178 -0.064496354556466 -0.0471474023101021 0.100840281329581 -0.740276591873298 -0.741285540196335 -0.669789662889791 -0.654156519193717 -0.584932500113874 -0.715134474431937 -0.647807192984293 -0.595110472615916 -0.695767279528796 -0.674356656020942 -0.747067907931937 -0.673513886890838 -0.762030978010471 -0.740819453429319 -0.700291282881152
29 0.279111521944767 -0.018471953048314 -0.108675612269477 -0.574295395364826 -0.598400275636657 -0.606461283926453 -0.0101831910869331 -0.0882883296441861 0.0881626266546221 -0.73469927369157 -0.634569173421512 -0.713864583982558 -0.579901000186134 -0.587686308146221 -0.680547675465116 -0.5727879490375 -0.630978844851831 -0.602550925183721 -0.685747413486628 -0.735972301656977 -0.689221357718023 -0.752567831707849 -0.588857987485174 -0.749163172296512
30 0.276305836721932 -0.0175856077340209 -0.10589355727859 -0.615890785389034 -0.519047387875457 -0.522643273772115 -0.0354229280326632 -0.0717482452402089 0.0834544586693995 -0.671005846122715 -0.538990663942298 -0.589783442185379 -0.635650125322193 -0.55849001001906 -0.634958546900783 -0.609238911508407 -0.531321491840992 -0.506570361273995 -0.667418236692689 -0.629910665959817 -0.615699347830287 -0.676801995680601 -0.496310421449608 -0.620253390415144
